0 0 -1 
0 0 -1 
0.00391278 -0.0406158 -0.999167 
0.00787624 -0.0817576 -0.996621 
0.0118821 -0.12334 -0.992293 
0.0159216 -0.165271 -0.98612 
0.0199851 -0.207451 -0.978041 
0.0240623 -0.249774 -0.968005 
0.0281427 -0.292129 -0.955965 
0.0322147 -0.334398 -0.941881 
0.0362667 -0.376459 -0.925723 
0.0402863 -0.418183 -0.907469 
0.0442608 -0.45944 -0.887105 
0.0481774 -0.500096 -0.864629 
0.0520229 -0.540013 -0.840047 
0.055784 -0.579054 -0.813379 
0.0594473 -0.61708 -0.784651 
0.0629996 -0.653955 -0.753906 
0.0664279 -0.689541 -0.721194 
0.0697191 -0.723705 -0.686579 
0.072861 -0.756319 -0.650133 
0.0758415 -0.787257 -0.611943 
0.0786493 -0.816403 -0.572102 
0.0812736 -0.843643 -0.530717 
0.0837044 -0.868876 -0.487901 
0.0859328 -0.892007 -0.443777 
0.0879505 -0.912952 -0.398476 
0.0897505 -0.931636 -0.352135 
0.0913266 -0.947996 -0.304898 
0.0926667 -0.961908 -0.256891 
0.0927491 -0.962763 -0.25394 
0.0927491 -0.962763 -0.25394 
0.0769958 -0.973843 -0.213781 
0.0609079 -0.983084 -0.172733 
0.0445201 -0.990398 -0.130884 
0.02787 -0.995701 -0.0883298 
0.0109981 -0.998919 -0.0451715 
-0.00605237 -0.999981 -0.00151911 
-0.0232357 -0.998826 0.0425113 
-0.040504 -0.995402 0.0867978 
-0.0578071 -0.989667 0.131213 
-0.0750935 -0.981589 0.175625 
-0.0923099 -0.971146 0.219898 
-0.109402 -0.958327 0.263894 
-0.126316 -0.943135 0.307473 
-0.142997 -0.925584 0.350495 
-0.159389 -0.905698 0.392818 
-0.175439 -0.883517 0.434303 
-0.191094 -0.859089 0.474814 
-0.206301 -0.832478 0.514219 
-0.221013 -0.803755 0.552387 
-0.235181 -0.773005 0.589197 
-0.248759 -0.740323 0.624532 
-0.2547 -0.724926 0.640009 
-0.2547 -0.724926 0.640009 
-0.244624 -0.696249 0.67483 
-0.233924 -0.665793 0.708519 
-0.222612 -0.633598 0.740944 
-0.210707 -0.599713 0.771976 
-0.19823 -0.564201 0.801488 
-0.185205 -0.527131 0.829356 
-0.171662 -0.488584 0.855463 
-0.157632 -0.448651 0.879696 
-0.143149 -0.407431 0.901947 
-0.128252 -0.365031 0.922119 
-0.112982 -0.321569 0.940122 
-0.0973812 -0.277166 0.955874 
-0.081496 -0.231954 0.969307 
-0.0653736 -0.186066 0.98036 
-0.0490632 -0.139644 0.988986 
-0.0326152 -0.0928293 0.995148 
-0.0160807 -0.045769 0.998823 
0 0 1 

